1030303 0 D1020473 0
1030303 0 D1084343 0
1030303 0 D1084344 0
1030303 0 D1084350 0
1030303 0 D1109984 0
1030303 0 D111654 0
1030303 0 D1134753 0
1030303 0 D1144387 0
1030303 0 D1144388 0
1030303 0 D1144389 0
1030303 0 D114702 0
1030303 0 D1166665 0
1030303 0 D1187805 0
1030303 0 D1202886 0
1030303 0 D1247411 0
1030303 0 D126430 0
1030303 0 D1265467 0
1030303 0 D1269919 0
1030303 0 D127543 0
1030303 0 D127642 0
1030303 0 D1341865 0
1030303 0 D1357516 0
1030303 0 D1359027 0
1030303 0 D1384900 0
1030303 0 D1396424 0
1030303 0 D140103 0
1030303 0 D1430816 0
1030303 0 D1430818 0
1030303 0 D1434835 0
1030303 0 D1447017 0
1030303 0 D1472755 0
1030303 0 D1476971 0
1030303 0 D1500047 0
1030303 0 D1533099 0
1030303 0 D1539347 0
1030303 0 D1539352 0
1030303 0 D1565470 0
1030303 0 D1590098 0
1030303 0 D1590103 0
1030303 0 D1603335 0
1030303 0 D160440 0
1030303 0 D1615586 0
1030303 0 D1623608 0
1030303 0 D1650936 0
1030303 0 D1674199 0
1030303 0 D1677253 0
1030303 0 D1681829 0
1030303 0 D1683468 0
1030303 0 D1689033 0
1030303 0 D1700686 0
1030303 0 D1701887 0
1030303 0 D1705991 0
1030303 0 D1710886 0
1030303 0 D1735433 0
1030303 0 D1749981 0
1030303 0 D1750623 0
1030303 0 D1758069 0
1030303 0 D1758070 0
1030303 0 D1758072 0
1030303 0 D1785301 0
1030303 0 D1797961 0
1030303 0 D1797962 0
1030303 0 D1797965 0
1030303 0 D1801188 0
1030303 0 D1805133 0
1030303 0 D1807665 0
1030303 0 D1810136 0
1030303 0 D1847418 0
1030303 0 D185506 0
1030303 0 D1856143 0
1030303 0 D1865089 0
1030303 0 D1876140 0
1030303 0 D1876142 0
1030303 0 D1876143 0
1030303 0 D1940476 0
1030303 0 D1979983 0
1030303 0 D1987878 0
1030303 0 D1987880 0
1030303 0 D2021160 0
1030303 0 D205984 0
1030303 0 D206166 0
1030303 0 D2068891 0
1030303 0 D2082019 0
1030303 0 D2083155 0
1030303 0 D2087841 0
1030303 0 D2089731 0
1030303 0 D2108041 0
1030303 0 D2143492 0
1030303 0 D2165087 0
1030303 0 D2198549 0
1030303 0 D2201083 0
1030303 0 D2238354 0
1030303 0 D2239046 0
1030303 0 D2260195 0
1030303 0 D2272465 0
1030303 0 D2302933 0
1030303 0 D230709 0
1030303 0 D2343190 0
1030303 0 D2346910 0
1030303 0 D2379324 0
1030303 0 D2381076 0
1030303 0 D2384203 0
1030303 0 D2399708 0
1030303 0 D2423526 0
1030303 0 D2428473 0
1030303 0 D2435298 0
1030303 0 D2436657 0
1030303 0 D2437037 0
1030303 0 D245292 0
1030303 0 D2462167 0
1030303 0 D2469719 0
1030303 0 D2470499 0
1030303 0 D2532369 0
1030303 0 D2538567 0
1030303 0 D2540743 0
1030303 0 D2545529 0
1030303 0 D2549010 0
1030303 0 D2549011 0
1030303 0 D2574661 0
1030303 0 D2581643 0
1030303 0 D2617939 0
1030303 0 D2648611 0
1030303 0 D2700122 0
1030303 0 D2749927 0
1030303 0 D2749928 0
1030303 0 D2769586 0
1030303 0 D2809403 0
1030303 0 D2809404 0
1030303 0 D2809405 0
1030303 0 D2809406 0
1030303 0 D2811213 0
1030303 0 D2880106 0
1030303 0 D2882208 0
1030303 0 D2923636 0
1030303 0 D2942237 0
1030303 0 D2990341 0
1030303 0 D2993038 0
1030303 0 D3011804 0
1030303 0 D3034587 0
1030303 0 D3038961 0
1030303 0 D3053878 0
1030303 0 D30579 0
1030303 0 D3057935 0
1030303 0 D3078280 0
1030303 0 D3094690 0
1030303 0 D3094691 0
1030303 0 D3107054 0
1030303 0 D3114075 0
1030303 0 D3128098 0
1030303 0 D3177758 0
1030303 0 D3193896 0
1030303 0 D3193897 0
1030303 0 D3193898 0
1030303 0 D3193899 0
1030303 0 D3193901 0
1030303 0 D3202885 0
1030303 0 D3221919 0
1030303 0 D3221921 0
1030303 0 D3229026 0
1030303 0 D3245515 0
1030303 0 D3276841 0
1030303 0 D3294195 0
1030303 0 D3319464 0
1030303 0 D3330959 0
1030303 0 D3340126 0
1030303 0 D3340127 0
1030303 0 D3340172 0
1030303 0 D334167 0
1030303 0 D3341680 0
1030303 0 D336192 0
1030303 0 D3429151 0
1030303 0 D3436676 0
1030303 0 D3453921 0
1030303 0 D3455637 0
1030303 0 D3463672 0
1030303 0 D3516422 0
1030303 0 D3521397 0
1030303 0 D3521398 1
1030303 0 D3521399 0
1030303 0 D3521400 1
1030303 0 D3521401 2
1030303 0 D3521402 1
1030303 0 D3530946 0
1030303 0 D3548751 0
1030303 0 D3558949 0
1030303 0 D360083 0
1030303 0 D360085 0
1030303 0 D367112 0
1030303 0 D387019 0
1030303 0 D397451 0
1030303 0 D400801 0
1030303 0 D404444 0
1030303 0 D489221 0
1030303 0 D493144 0
1030303 0 D506219 0
1030303 0 D529204 0
1030303 0 D571402 0
1030303 0 D625783 0
1030303 0 D651946 0
1030303 0 D662023 0
1030303 0 D67838 0
1030303 0 D687227 0
1030303 0 D69471 0
1030303 0 D69474 0
1030303 0 D69475 0
1030303 0 D69478 0
1030303 0 D69479 0
1030303 0 D787196 0
1030303 0 D818085 0
1030303 0 D833606 0
1030303 0 D876577 0
1030303 0 D899390 0
1030303 0 D915037 0
1030303 0 D966699 0
1037496 0 D1030848 0
1037496 0 D1082141 0
1037496 0 D110574 0
1037496 0 D1145673 1
1037496 0 D1218918 1
1037496 0 D1225181 0
1037496 0 D1233594 0
1037496 0 D1278366 0
1037496 0 D1320069 1
1037496 0 D1379 0
1037496 0 D1380 1
1037496 0 D139947 1
1037496 0 D139948 1
1037496 0 D1467436 0
1037496 0 D1556850 1
1037496 0 D1581291 2
1037496 0 D1581294 0
1037496 0 D1624901 0
1037496 0 D1625354 1
1037496 0 D1625355 0
1037496 0 D1630890 1
1037496 0 D1688734 0
1037496 0 D1720892 1
1037496 0 D1734413 1
1037496 0 D1742016 0
1037496 0 D174444 0
1037496 0 D1762987 0
1037496 0 D1846485 1
1037496 0 D1875560 0
1037496 0 D1893420 1
1037496 0 D1895707 0
1037496 0 D1895708 0
1037496 0 D1913741 0
1037496 0 D1927680 0
1037496 0 D1936015 1
1037496 0 D1990973 2
1037496 0 D203533 1
1037496 0 D2035757 1
1037496 0 D2035758 1
1037496 0 D2035759 3
1037496 0 D2045624 1
1037496 0 D2065353 1
1037496 0 D2082752 0
1037496 0 D2082753 1
1037496 0 D2136407 0
1037496 0 D2139763 0
1037496 0 D2146046 0
1037496 0 D2146472 0
1037496 0 D2186247 0
1037496 0 D2201879 1
1037496 0 D2206655 0
1037496 0 D2206656 3
1037496 0 D2206657 0
1037496 0 D2237621 0
1037496 0 D2243221 0
1037496 0 D2317349 0
1037496 0 D2333253 0
1037496 0 D2336756 0
1037496 0 D2417333 0
1037496 0 D2417334 2
1037496 0 D2418998 0
1037496 0 D2453064 1
1037496 0 D2470674 0
1037496 0 D2470675 1
1037496 0 D2470677 1
1037496 0 D2473088 2
1037496 0 D2482082 0
1037496 0 D2482083 0
1037496 0 D2491299 0
1037496 0 D2617817 1
1037496 0 D2627599 0
1037496 0 D263802 0
1037496 0 D2658001 0
1037496 0 D2659840 0
1037496 0 D2666527 0
1037496 0 D2666528 0
1037496 0 D2682942 0
1037496 0 D2709167 0
1037496 0 D2709168 1
1037496 0 D2728003 0
1037496 0 D27317 0
1037496 0 D2738154 0
1037496 0 D2750767 0
1037496 0 D2752772 0
1037496 0 D27541 2
1037496 0 D2786086 0
1037496 0 D28237 1
1037496 0 D28238 0
1037496 0 D28239 0
1037496 0 D2836973 1
1037496 0 D2836974 0
1037496 0 D2905973 0
1037496 0 D2907494 0
1037496 0 D2914588 0
1037496 0 D2914591 0
1037496 0 D2979611 0
1037496 0 D2991862 0
1037496 0 D3031550 0
1037496 0 D3031554 1
1037496 0 D3031556 0
1037496 0 D3098097 1
1037496 0 D3110746 1
1037496 0 D315695 1
1037496 0 D315696 0
1037496 0 D3302251 0
1037496 0 D3302958 0
1037496 0 D330665 1
1037496 0 D3307748 1
1037496 0 D3307749 1
1037496 0 D3307751 1
1037496 0 D3324581 0
1037496 0 D3325337 1
1037496 0 D3338044 0
1037496 0 D3407634 1
1037496 0 D3421227 0
1037496 0 D3467467 0
1037496 0 D3478809 0
1037496 0 D3492270 1
1037496 0 D373011 0
1037496 0 D382584 1
1037496 0 D382585 0
1037496 0 D382586 0
1037496 0 D395421 0
1037496 0 D419505 0
1037496 0 D44815 0
1037496 0 D488155 0
1037496 0 D492422 0
1037496 0 D571886 0
1037496 0 D581532 1
1037496 0 D633507 0
1037496 0 D642489 1
1037496 0 D667711 0
1037496 0 D676288 0
1037496 0 D729817 0
1037496 0 D731166 1
1037496 0 D731168 1
1037496 0 D731169 1
1037496 0 D731170 1
1037496 0 D731171 0
1037496 0 D731172 1
1037496 0 D797841 0
1037496 0 D804424 0
1037496 0 D818436 0
1037496 0 D818437 0
1037496 0 D83789 0
1037496 0 D83791 1
1037496 0 D83792 1
1037496 0 D83794 1
1037496 0 D885961 0
1037496 0 D99576 0
1043135 0 D1010870 0
1043135 0 D1065624 1
1043135 0 D1082266 1
1043135 0 D1088490 1
1043135 0 D1105252 0
1043135 0 D1117777 0
1043135 0 D1124231 0
1043135 0 D1134266 0
1043135 0 D1144054 0
1043135 0 D1155014 0
1043135 0 D1178443 0
1043135 0 D1204872 0
1043135 0 D120672 0
1043135 0 D120673 0
1043135 0 D120674 0
1043135 0 D1219391 1
1043135 0 D1219392 1
1043135 0 D1236657 0
1043135 0 D1237509 1
1043135 0 D1274363 0
1043135 0 D1276515 0
1043135 0 D1276516 0
1043135 0 D1283338 0
1043135 0 D1303059 2
1043135 0 D1303060 1
1043135 0 D1303061 1
1043135 0 D1303062 1
1043135 0 D1312487 1
1043135 0 D1312488 0
1043135 0 D1312489 0
1043135 0 D1319959 0
1043135 0 D1375357 0
1043135 0 D138302 0
1043135 0 D1388998 0
1043135 0 D1436978 2
1043135 0 D1440421 1
1043135 0 D147065 0
1043135 0 D1491926 0
1043135 0 D1498015 0
1043135 0 D1499090 0
1043135 0 D1516280 0
1043135 0 D1525471 0
1043135 0 D1533282 0
1043135 0 D1539904 0
1043135 0 D1542059 0
1043135 0 D1542060 0
1043135 0 D1542061 0
1043135 0 D1542063 1
1043135 0 D1542064 1
1043135 0 D1542065 1
1043135 0 D1559334 0
1043135 0 D1563571 0
1043135 0 D1570693 1
1043135 0 D1570694 0
1043135 0 D1570696 0
1043135 0 D1570887 1
1043135 0 D1570888 1
1043135 0 D158038 0
1043135 0 D1610100 0
1043135 0 D1630072 1
1043135 0 D1630073 1
1043135 0 D1630074 2
1043135 0 D1630075 0
1043135 0 D1643891 1
1043135 0 D1643896 0
1043135 0 D1645763 0
1043135 0 D1648306 0
1043135 0 D1653803 1
1043135 0 D1655452 0
1043135 0 D1667044 0
1043135 0 D1671002 0
1043135 0 D1676254 1
1043135 0 D1680454 1
1043135 0 D1695108 0
1043135 0 D1709840 0
1043135 0 D1720181 0
1043135 0 D1729156 0
1043135 0 D1732532 0
1043135 0 D1744164 0
1043135 0 D1750491 0
1043135 0 D1759029 0
1043135 0 D1759030 0
1043135 0 D1759471 0
1043135 0 D1759472 0
1043135 0 D1801795 1
1043135 0 D1801796 0
1043135 0 D1823555 0
1043135 0 D1823557 0
1043135 0 D1840744 0
1043135 0 D1840745 0
1043135 0 D1883452 0
1043135 0 D1886412 0
1043135 0 D1889459 0
1043135 0 D1903562 1
1043135 0 D1904838 1
1043135 0 D1907323 1
1043135 0 D1907325 0
1043135 0 D1910148 0
1043135 0 D1910594 0
1043135 0 D1913562 1
1043135 0 D1916623 0
1043135 0 D191867 1
1043135 0 D1969175 0
1043135 0 D1970174 0
1043135 0 D1972560 0
1043135 0 D1972561 0
1043135 0 D1973208 0
1043135 0 D2000599 1
1043135 0 D200657 0
1043135 0 D201558 0
1043135 0 D201559 0
1043135 0 D201560 1
1043135 0 D2025827 0
1043135 0 D2025830 0
1043135 0 D2031091 0
1043135 0 D2043683 0
1043135 0 D2053108 0
1043135 0 D2085694 0
1043135 0 D2088791 0
1043135 0 D2092325 1
1043135 0 D2092326 1
1043135 0 D2092327 1
1043135 0 D2092328 1
1043135 0 D2092330 0
1043135 0 D2107113 0
1043135 0 D2147817 0
1043135 0 D2177199 0
1043135 0 D2196961 0
1043135 0 D2202333 0
1043135 0 D2209689 0
1043135 0 D2209690 0
1043135 0 D2268489 0
1043135 0 D2268490 1
1043135 0 D2274954 1
1043135 0 D2282526 0
1043135 0 D2291038 0
1043135 0 D2337412 1
1043135 0 D2346967 0
1043135 0 D2358377 1
1043135 0 D2360594 0
1043135 0 D2398395 1
1043135 0 D2398396 0
1043135 0 D2398397 1
1043135 0 D2398400 0
1043135 0 D2405135 0
1043135 0 D2416634 1
1043135 0 D24213 0
1043135 0 D2429316 1
1043135 0 D2429723 1
1043135 0 D2438230 0
1043135 0 D2450750 0
1043135 0 D2459716 0
1043135 0 D2459717 0
1043135 0 D2459719 0
1043135 0 D2475061 0
1043135 0 D2475137 0
1043135 0 D2477321 0
1043135 0 D2494070 0
1043135 0 D2502967 0
1043135 0 D2548553 0
1043135 0 D2548554 0
1043135 0 D2549725 0
1043135 0 D2554200 0
1043135 0 D2595338 0
1043135 0 D2600492 1
1043135 0 D2600493 1
1043135 0 D2619846 0
1043135 0 D2624594 0
1043135 0 D2630178 0
1043135 0 D2644955 1
1043135 0 D2657025 0
1043135 0 D2688951 0
1043135 0 D2722349 1
1043135 0 D2722350 0
1043135 0 D2788840 0
1043135 0 D2792822 0
1043135 0 D2800284 0
1043135 0 D2800285 1
1043135 0 D2800286 0
1043135 0 D2825580 0
1043135 0 D2866120 1
1043135 0 D2866121 0
1043135 0 D287853 1
1043135 0 D287856 0
1043135 0 D2898130 1
1043135 0 D2898134 0
1043135 0 D2912064 0
1043135 0 D2919900 1
1043135 0 D2955633 0
1043135 0 D2969050 0
1043135 0 D3005524 0
1043135 0 D3005526 0
1043135 0 D308754 0
1043135 0 D3103716 0
1043135 0 D3103717 1
1043135 0 D3117076 0
1043135 0 D3136867 0
1043135 0 D3137357 0
1043135 0 D3137358 0
1043135 0 D3153886 0
1043135 0 D3194531 0
1043135 0 D3223959 1
1043135 0 D3223960 0
1043135 0 D3223961 1
1043135 0 D3244364 0
1043135 0 D32541 0
1043135 0 D3259212 1
1043135 0 D3292373 0
1043135 0 D3300959 0
1043135 0 D3314823 0
1043135 0 D333550 0
1043135 0 D3338672 0
1043135 0 D3342080 0
1043135 0 D3369120 1
1043135 0 D3369122 0
1043135 0 D3369123 0
1043135 0 D3369124 1
1043135 0 D338174 0
1043135 0 D338179 0
1043135 0 D338180 0
1043135 0 D33994 0
1043135 0 D3431273 0
1043135 0 D3440823 0
1043135 0 D3468329 0
1043135 0 D3477632 1
1043135 0 D3481584 0
1043135 0 D3481585 0
1043135 0 D3487285 0
1043135 0 D3492824 0
1043135 0 D3509800 0
1043135 0 D3509801 0
1043135 0 D3509803 0
1043135 0 D3510627 1
1043135 0 D3510628 1
1043135 0 D3510629 1
1043135 0 D3518817 0
1043135 0 D3524174 0
1043135 0 D3534569 0
1043135 0 D3534571 0
1043135 0 D3540182 1
1043135 0 D3543514 1
1043135 0 D3546530 1
1043135 0 D369870 0
1043135 0 D373687 0
1043135 0 D3995 0
1043135 0 D448511 0
1043135 0 D470140 0
1043135 0 D479238 0
1043135 0 D479239 0
1043135 0 D511806 0
1043135 0 D519060 2
1043135 0 D519063 0
1043135 0 D519421 0
1043135 0 D536554 0
1043135 0 D544447 0
1043135 0 D558921 0
1043135 0 D558922 1
1043135 0 D640793 1
1043135 0 D699956 0
1043135 0 D718854 0
1043135 0 D724371 0
1043135 0 D725283 0
1043135 0 D735523 0
1043135 0 D762928 0
1043135 0 D783012 0
1043135 0 D812176 0
1043135 0 D812177 0
1043135 0 D812178 1
1043135 0 D812179 1
1043135 0 D812180 0
1043135 0 D812181 1
1043135 0 D812182 1
1043135 0 D812183 0
1043135 0 D923697 0
1049519 0 D1010134 0
1049519 0 D1011995 0
1049519 0 D1022801 0
1049519 0 D1022803 0
1049519 0 D1057515 0
1049519 0 D1059081 0
1049519 0 D1088689 0
1049519 0 D1088690 0
1049519 0 D1114601 0
1049519 0 D1117746 0
1049519 0 D1125561 0
1049519 0 D1140655 0
1049519 0 D1140657 0
1049519 0 D1144705 1
1049519 0 D1145914 0
1049519 0 D1149308 0
1049519 0 D1149309 2
1049519 0 D1176862 0
1049519 0 D119369 0
1049519 0 D1211273 0
1049519 0 D1228612 1
1049519 0 D1302329 0
1049519 0 D1305030 0
1049519 0 D1312983 0
1049519 0 D1354569 0
1049519 0 D1483226 2
1049519 0 D148938 0
1049519 0 D1501211 0
1049519 0 D1528090 1
1049519 0 D1543152 0
1049519 0 D1548148 0
1049519 0 D1577746 0
1049519 0 D1577748 0
1049519 0 D1577749 0
1049519 0 D1602955 0
1049519 0 D1613702 1
1049519 0 D1642553 0
1049519 0 D1657636 3
1049519 0 D1668968 0
1049519 0 D168080 0
1049519 0 D1698294 1
1049519 0 D1702919 0
1049519 0 D1719369 0
1049519 0 D1741758 0
1049519 0 D1744736 0
1049519 0 D1770218 0
1049519 0 D1794288 0
1049519 0 D1808120 0
1049519 0 D1810962 0
1049519 0 D1810963 3
1049519 0 D1823467 0
1049519 0 D1826077 0
1049519 0 D1839764 1
1049519 0 D1852256 0
1049519 0 D1863687 0
1049519 0 D1883065 0
1049519 0 D1883180 0
1049519 0 D1893117 0
1049519 0 D1940308 0
1049519 0 D1940310 0
1049519 0 D1956669 1
1049519 0 D1975019 0
1049519 0 D1979682 0
1049519 0 D1982490 0
1049519 0 D1990666 0
1049519 0 D1995521 0
1049519 0 D2009423 0
1049519 0 D2009424 0
1049519 0 D203682 0
1049519 0 D2037675 1
1049519 0 D2044918 1
1049519 0 D2061322 1
1049519 0 D2072886 3
1049519 0 D2086325 0
1049519 0 D2094827 0
1049519 0 D2132742 0
1049519 0 D2144653 0
1049519 0 D2185894 0
1049519 0 D2195077 2
1049519 0 D2195691 0
1049519 0 D2203513 0
1049519 0 D2204313 0
1049519 0 D2213163 0
1049519 0 D2213422 1
1049519 0 D2229947 0
1049519 0 D2232921 0
1049519 0 D2245271 0
1049519 0 D228241 0
1049519 0 D2285824 0
1049519 0 D2309502 0
1049519 0 D2319458 0
1049519 0 D2347116 0
1049519 0 D2364120 0
1049519 0 D2365173 0
1049519 0 D2365174 0
1049519 0 D237456 0
1049519 0 D2386961 0
1049519 0 D2388290 1
1049519 0 D2401210 0
1049519 0 D2402699 0
1049519 0 D2411690 0
1049519 0 D2411693 1
1049519 0 D2414683 0
1049519 0 D2421552 0
1049519 0 D2421554 0
1049519 0 D2430791 0
1049519 0 D2453723 1
1049519 0 D2514074 0
1049519 0 D2518808 0
1049519 0 D2535153 0
1049519 0 D2593649 0
1049519 0 D2605511 1
1049519 0 D2606206 1
1049519 0 D2606973 0
1049519 0 D2608268 0
1049519 0 D2622051 0
1049519 0 D2624357 1
1049519 0 D2624358 0
1049519 0 D2624360 0
1049519 0 D2643521 0
1049519 0 D2655116 0
1049519 0 D266267 0
1049519 0 D2674389 0
1049519 0 D2698151 0
1049519 0 D2722466 0
1049519 0 D2728871 0
1049519 0 D2733878 0
1049519 0 D2755234 0
1049519 0 D2790528 0
1049519 0 D2790530 0
1049519 0 D2849017 0
1049519 0 D2853421 0
1049519 0 D2878200 0
1049519 0 D2886344 0
1049519 0 D2899273 1
1049519 0 D2906331 0
1049519 0 D2912335 0
1049519 0 D2921616 0
1049519 0 D2931265 0
1049519 0 D2946363 1
1049519 0 D2992778 0
1049519 0 D3020992 0
1049519 0 D3023939 0
1049519 0 D3032335 0
1049519 0 D3032591 0
1049519 0 D3060288 0
1049519 0 D3066949 1
1049519 0 D3126060 0
1049519 0 D3154143 1
1049519 0 D3154144 0
1049519 0 D3154221 0
1049519 0 D3186823 0
1049519 0 D3218770 0
1049519 0 D3222240 0
1049519 0 D3222241 0
1049519 0 D3265968 0
1049519 0 D3340768 1
1049519 0 D3359335 3
1049519 0 D3359336 2
1049519 0 D3359337 3
1049519 0 D3359338 0
1049519 0 D3366627 0
1049519 0 D3368644 0
1049519 0 D3382871 0
1049519 0 D3392636 3
1049519 0 D3394307 0
1049519 0 D34045 0
1049519 0 D3414643 0
1049519 0 D3422541 0
1049519 0 D3425170 0
1049519 0 D3462947 0
1049519 0 D3463 3
1049519 0 D3464 3
1049519 0 D3465 2
1049519 0 D3465252 0
1049519 0 D3465253 0
1049519 0 D3466 0
1049519 0 D3480777 0
1049519 0 D3481480 0
1049519 0 D3491886 0
1049519 0 D3504794 0
1049519 0 D3519768 0
1049519 0 D3539058 0
1049519 0 D3543270 0
1049519 0 D3555222 0
1049519 0 D39005 0
1049519 0 D396240 0
1049519 0 D396242 0
1049519 0 D40043 0
1049519 0 D421761 0
1049519 0 D428274 1
1049519 0 D441130 0
1049519 0 D469394 0
1049519 0 D517396 3
1049519 0 D645069 0
1049519 0 D645071 0
1049519 0 D654282 1
1049519 0 D660537 0
1049519 0 D682582 0
1049519 0 D682584 0
1049519 0 D735514 0
1049519 0 D739343 0
1049519 0 D795605 0
1049519 0 D797796 0
1049519 0 D807547 0
1049519 0 D82423 0
1049519 0 D850252 0
1049519 0 D865965 3
1049519 0 D865967 2
1049519 0 D865968 0
1049519 0 D925426 0
1049519 0 D930367 1
1049519 0 D93819 1
1049519 0 D93821 0
1049519 0 D93822 0
1049519 0 D93823 0
1049519 0 D93824 3
1049519 0 D93827 3
1049519 0 D940122 0
1049519 0 D963565 0
1051399 0 D1034493 0
1051399 0 D1246055 0
1051399 0 D1252911 0
1051399 0 D1357421 0
1051399 0 D1440618 0
1051399 0 D1464303 0
1051399 0 D1495740 0
1051399 0 D1496515 0
1051399 0 D1496517 0
1051399 0 D1503954 0
1051399 0 D1515780 0
1051399 0 D1535388 0
1051399 0 D1535389 0
1051399 0 D1590611 0
1051399 0 D1608920 0
1051399 0 D1608941 0
1051399 0 D1625680 0
1051399 0 D1633971 0
1051399 0 D1633972 0
1051399 0 D1633973 0
1051399 0 D1633974 0
1051399 0 D1664290 0
1051399 0 D1670251 0
1051399 0 D1689260 0
1051399 0 D1689953 0
1051399 0 D1692402 0
1051399 0 D1695590 0
1051399 0 D1701482 0
1051399 0 D1701989 0
1051399 0 D1706543 0
1051399 0 D1710176 0
1051399 0 D1728360 0
1051399 0 D1758390 0
1051399 0 D1778163 0
1051399 0 D1780546 0
1051399 0 D1783952 0
1051399 0 D1835527 0
1051399 0 D184883 0
1051399 0 D1883207 0
1051399 0 D1901193 0
1051399 0 D1904217 0
1051399 0 D1904218 0
1051399 0 D1904219 0
1051399 0 D1916345 0
1051399 0 D1919798 0
1051399 0 D1926204 0
1051399 0 D1926207 0
1051399 0 D1930745 0
1051399 0 D1930746 0
1051399 0 D1939085 0
1051399 0 D1954586 0
1051399 0 D1966680 1
1051399 0 D1966681 0
1051399 0 D1966684 0
1051399 0 D1971142 0
1051399 0 D1972110 0
1051399 0 D1981492 0
1051399 0 D1981494 0
1051399 0 D1988118 0
1051399 0 D2001357 0
1051399 0 D2001359 0
1051399 0 D2001362 0
1051399 0 D2023949 0
1051399 0 D2027045 0
1051399 0 D2029244 0
1051399 0 D2030600 0
1051399 0 D2047734 0
1051399 0 D2047735 0
1051399 0 D2063741 1
1051399 0 D2066724 0
1051399 0 D2073082 0
1051399 0 D2073084 1
1051399 0 D2073085 0
1051399 0 D2082638 0
1051399 0 D2093391 0
1051399 0 D2101391 0
1051399 0 D2116464 3
1051399 0 D2116465 3
1051399 0 D2116467 0
1051399 0 D2126311 0
1051399 0 D2165357 0
1051399 0 D2168883 0
1051399 0 D2171147 0
1051399 0 D2186713 0
1051399 0 D2200785 0
1051399 0 D2211370 0
1051399 0 D2216341 1
1051399 0 D2216342 0
1051399 0 D2216343 0
1051399 0 D2216344 0
1051399 0 D2216345 0
1051399 0 D2216346 0
1051399 0 D2216347 2
1051399 0 D2232487 0
1051399 0 D2276185 0
1051399 0 D2294901 3
1051399 0 D2295693 0
1051399 0 D2304481 0
1051399 0 D2313226 0
1051399 0 D2325943 0
1051399 0 D2332204 0
1051399 0 D2347996 0
1051399 0 D2361391 0
1051399 0 D2404419 0
1051399 0 D2405981 0
1051399 0 D2405987 0
1051399 0 D2408677 1
1051399 0 D2408679 0
1051399 0 D2408680 2
1051399 0 D2408681 0
1051399 0 D2408682 0
1051399 0 D2428862 0
1051399 0 D2446803 0
1051399 0 D2450516 0
1051399 0 D2451307 0
1051399 0 D2464875 0
1051399 0 D2466495 0
1051399 0 D2466496 0
1051399 0 D2466498 0
1051399 0 D2466500 0
1051399 0 D2486202 0
1051399 0 D2494552 0
1051399 0 D2520232 0
1051399 0 D2526491 0
1051399 0 D2526494 0
1051399 0 D2528668 0
1051399 0 D25474 0
1051399 0 D2549199 0
1051399 0 D2559876 0
1051399 0 D2574594 0
1051399 0 D2576114 0
1051399 0 D2576399 0
1051399 0 D2599477 0
1051399 0 D2615231 0
1051399 0 D2628342 0
1051399 0 D2629953 0
1051399 0 D2631226 0
1051399 0 D26893 0
1051399 0 D2730380 0
1051399 0 D2746530 0
1051399 0 D2830615 0
1051399 0 D2847559 2
1051399 0 D2847560 3
1051399 0 D2847561 0
1051399 0 D2847562 0
1051399 0 D2847563 0
1051399 0 D2850009 0
1051399 0 D2932680 0
1051399 0 D2945465 0
1051399 0 D2998706 0
1051399 0 D3007849 0
1051399 0 D3007852 0
1051399 0 D3067440 0
1051399 0 D3175384 0
1051399 0 D318842 0
1051399 0 D323234 0
1051399 0 D3281604 0
1051399 0 D3281605 0
1051399 0 D333772 1
1051399 0 D3374969 0
1051399 0 D3399013 0
1051399 0 D3399220 0
1051399 0 D3430532 0
1051399 0 D34346 3
1051399 0 D34347 0
1051399 0 D3448460 0
1051399 0 D3462312 0
1051399 0 D3477583 0
1051399 0 D3477584 0
1051399 0 D3482395 0
1051399 0 D3497345 0
1051399 0 D3516287 0
1051399 0 D3516288 0
1051399 0 D3531004 0
1051399 0 D3531006 0
1051399 0 D3531007 0
1051399 0 D3552765 0
1051399 0 D3555006 0
1051399 0 D36338 0
1051399 0 D389802 0
1051399 0 D645084 0
1051399 0 D675275 0
1051399 0 D675276 0
1051399 0 D675277 0
1051399 0 D694632 0
1051399 0 D696438 0
1051399 0 D696741 0
1051399 0 D696848 0
1051399 0 D748630 0
1051399 0 D748631 0
1051399 0 D792523 0
1051399 0 D817024 0
1051399 0 D840379 0
1051399 0 D851951 0
1051399 0 D918049 0
1051399 0 D918050 0
1051399 0 D918051 0
1051399 0 D918052 0
1051399 0 D942227 1
1051399 0 D942230 0
1051399 0 D942231 0
1051399 0 D942232 0
1051399 0 D988896 0
1056416 0 D1040584 0
1056416 0 D1053799 1
1056416 0 D1058968 2
1056416 0 D1086074 0
1056416 0 D1097090 0
1056416 0 D1109712 0
1056416 0 D1150336 0
1056416 0 D1182683 0
1056416 0 D1223092 0
1056416 0 D1260320 0
1056416 0 D1263137 0
1056416 0 D1305921 0
1056416 0 D1305922 0
1056416 0 D1305923 0
1056416 0 D1305924 0
1056416 0 D1327781 0
1056416 0 D1340694 0
1056416 0 D1350063 0
1056416 0 D1362986 0
1056416 0 D1368614 0
1056416 0 D1388729 0
1056416 0 D1392838 1
1056416 0 D1392839 0
1056416 0 D1405067 0
1056416 0 D1415054 0
1056416 0 D1428273 0
1056416 0 D1503622 1
1056416 0 D1523490 0
1056416 0 D152814 0
1056416 0 D1553136 0
1056416 0 D1555723 0
1056416 0 D1566381 0
1056416 0 D1568314 0
1056416 0 D1570394 0
1056416 0 D1570395 0
1056416 0 D1572752 0
1056416 0 D1577090 0
1056416 0 D1577093 0
1056416 0 D1588184 0
1056416 0 D1592040 0
1056416 0 D1596739 0
1056416 0 D1636909 0
1056416 0 D1648089 0
1056416 0 D1661633 0
1056416 0 D1671416 0
1056416 0 D1705886 0
1056416 0 D171697 0
1056416 0 D173150 0
1056416 0 D1744550 0
1056416 0 D1783752 0
1056416 0 D1812820 0
1056416 0 D1832332 0
1056416 0 D1872739 0
1056416 0 D1878888 0
1056416 0 D1926780 0
1056416 0 D1937773 0
1056416 0 D1962988 0
1056416 0 D1979362 0
1056416 0 D1999643 0
1056416 0 D2065149 0
1056416 0 D2070620 0
1056416 0 D2089650 0
1056416 0 D211361 1
1056416 0 D2113789 0
1056416 0 D2128227 0
1056416 0 D2145689 0
1056416 0 D2154316 0
1056416 0 D2162299 0
1056416 0 D2207704 0
1056416 0 D2208195 0
1056416 0 D2216961 0
1056416 0 D2241713 0
1056416 0 D2286833 0
1056416 0 D2292647 0
1056416 0 D2330750 0
1056416 0 D2330751 0
1056416 0 D2438115 0
1056416 0 D2444401 1
1056416 0 D2446062 0
1056416 0 D2446816 0
1056416 0 D2457533 0
1056416 0 D2493821 0
1056416 0 D2509891 0
1056416 0 D251140 0
1056416 0 D2551533 0
1056416 0 D2551534 0
1056416 0 D2551535 0
1056416 0 D2554883 0
1056416 0 D2609722 0
1056416 0 D2619093 0
1056416 0 D2651810 0
1056416 0 D2660132 0
1056416 0 D2660133 1
1056416 0 D2674048 0
1056416 0 D2706183 0
1056416 0 D2729886 0
1056416 0 D2730566 0
1056416 0 D2807145 0
1056416 0 D2834682 0
1056416 0 D290253 0
1056416 0 D2913651 0
1056416 0 D2929906 0
1056416 0 D2976537 0
1056416 0 D2992590 0
1056416 0 D2992591 1
1056416 0 D2995239 0
1056416 0 D3004763 0
1056416 0 D3007444 0
1056416 0 D3112785 0
1056416 0 D3112787 0
1056416 0 D3114188 0
1056416 0 D3127752 0
1056416 0 D3140664 0
1056416 0 D3194474 0
1056416 0 D3243337 0
1056416 0 D3262391 0
1056416 0 D3308875 0
1056416 0 D3317321 0
1056416 0 D3325883 0
1056416 0 D3333891 0
1056416 0 D3339409 0
1056416 0 D3345549 0
1056416 0 D3346883 0
1056416 0 D3388770 0
1056416 0 D341799 0
1056416 0 D341800 0
1056416 0 D341804 1
1056416 0 D341806 0
1056416 0 D3438534 0
1056416 0 D3450507 0
1056416 0 D3467806 0
1056416 0 D3497491 0
1056416 0 D3515652 0
1056416 0 D3526024 0
1056416 0 D3526025 1
1056416 0 D3526026 0
1056416 0 D3526027 2
1056416 0 D3546267 0
1056416 0 D3546271 0
1056416 0 D402164 0
1056416 0 D454772 0
1056416 0 D490377 0
1056416 0 D494599 0
1056416 0 D505070 0
1056416 0 D515554 0
1056416 0 D516834 0
1056416 0 D548632 0
1056416 0 D566942 0
1056416 0 D571257 0
1056416 0 D593250 0
1056416 0 D636469 0
1056416 0 D68158 0
1056416 0 D694009 0
1056416 0 D694010 0
1056416 0 D697116 0
1056416 0 D720536 0
1056416 0 D737518 0
1056416 0 D774492 0
1056416 0 D77535 0
1056416 0 D77536 0
1056416 0 D77541 1
1056416 0 D784160 0
1056416 0 D784161 0
1056416 0 D784784 0
1056416 0 D820769 0
1056416 0 D822117 0
1056416 0 D824045 0
1056416 0 D824046 0
1056416 0 D824048 0
1056416 0 D824050 0
1056416 0 D829007 0
1056416 0 D845230 0
1056416 0 D845231 3
1056416 0 D897261 0
1056416 0 D914352 0
1056416 0 D914354 0
1056416 0 D934198 0
1064670 0 D1050667 0
1064670 0 D1056185 0
1064670 0 D1079875 0
1064670 0 D1086699 0
1064670 0 D1101754 0
1064670 0 D116352 0
1064670 0 D1234918 0
1064670 0 D1254790 0
1064670 0 D1280210 0
1064670 0 D1290163 0
1064670 0 D1354165 0
1064670 0 D136963 1
1064670 0 D136964 0
1064670 0 D137715 0
1064670 0 D137716 0
1064670 0 D1386185 0
1064670 0 D1428042 1
1064670 0 D1435699 0
1064670 0 D1438437 0
1064670 0 D143904 0
1064670 0 D143905 1
1064670 0 D1486595 0
1064670 0 D1490706 0
1064670 0 D1523572 0
1064670 0 D1545995 0
1064670 0 D1545996 0
1064670 0 D1552599 1
1064670 0 D1552601 0
1064670 0 D1561193 0
1064670 0 D1577736 0
1064670 0 D1610950 0
1064670 0 D1640560 0
1064670 0 D1737345 1
1064670 0 D1752229 0
1064670 0 D1752231 0
1064670 0 D1782341 0
1064670 0 D1791359 0
1064670 0 D1804349 0
1064670 0 D1828652 0
1064670 0 D1879147 0
1064670 0 D1886642 0
1064670 0 D1890537 0
1064670 0 D1990455 0
1064670 0 D2001413 0
1064670 0 D2065773 0
1064670 0 D2072798 1
1064670 0 D2208589 0
1064670 0 D2255922 0
1064670 0 D2303100 0
1064670 0 D2312933 0
1064670 0 D2326777 0
1064670 0 D2354660 0
1064670 0 D2390505 0
1064670 0 D2409561 0
1064670 0 D245748 0
1064670 0 D2475925 0
1064670 0 D2475926 0
1064670 0 D2475927 1
1064670 0 D2553231 0
1064670 0 D2553233 0
1064670 0 D255926 0
1064670 0 D255928 0
1064670 0 D2619921 0
1064670 0 D2638278 0
1064670 0 D2655975 0
1064670 0 D2739845 0
1064670 0 D2740012 0
1064670 0 D2749915 0
1064670 0 D281701 0
1064670 0 D281702 0
1064670 0 D281706 0
1064670 0 D283863 0
1064670 0 D2856166 1
1064670 0 D2876400 0
1064670 0 D2885393 0
1064670 0 D2885394 0
1064670 0 D2888431 0
1064670 0 D2892372 0
1064670 0 D2901323 0
1064670 0 D2912236 0
1064670 0 D2921646 0
1064670 0 D2923641 0
1064670 0 D2986771 0
1064670 0 D2986774 0
1064670 0 D2986775 0
1064670 0 D2986776 0
1064670 0 D3080364 0
1064670 0 D3091803 0
1064670 0 D3091804 0
1064670 0 D3133400 0
1064670 0 D3133401 0
1064670 0 D3133402 0
1064670 0 D3133404 0
1064670 0 D3152392 0
1064670 0 D3152394 2
1064670 0 D3158484 0
1064670 0 D3159111 0
1064670 0 D3170977 0
1064670 0 D3175221 0
1064670 0 D3228232 0
1064670 0 D3228236 0
1064670 0 D3259233 0
1064670 0 D326718 0
1064670 0 D3281585 0
1064670 0 D3281586 0
1064670 0 D3379796 0
1064670 0 D3379797 0
1064670 0 D3397018 0
1064670 0 D3397019 0
1064670 0 D3448903 0
1064670 0 D3448905 0
1064670 0 D3486042 0
1064670 0 D3504786 3
1064670 0 D3504787 1
1064670 0 D3504788 3
1064670 0 D3504789 3
1064670 0 D3524322 0
1064670 0 D362066 0
1064670 0 D376474 0
1064670 0 D382768 0
1064670 0 D426717 0
1064670 0 D434851 0
1064670 0 D434853 0
1064670 0 D49615 0
1064670 0 D49616 0
1064670 0 D528662 0
1064670 0 D528663 2
1064670 0 D528664 1
1064670 0 D528666 1
1064670 0 D558903 0
1064670 0 D564502 0
1064670 0 D567525 2
1064670 0 D586299 2
1064670 0 D586300 1
1064670 0 D586301 1
1064670 0 D586302 0
1064670 0 D586303 0
1064670 0 D59786 0
1064670 0 D59787 0
1064670 0 D59788 0
1064670 0 D59789 0
1064670 0 D598894 0
1064670 0 D669954 0
1064670 0 D669955 0
1064670 0 D677113 0
1064670 0 D696297 0
1064670 0 D696298 1
1064670 0 D706952 1
1064670 0 D706953 1
1064670 0 D706956 0
1064670 0 D706958 1
1064670 0 D713243 0
1064670 0 D801204 0
1064670 0 D806628 0
1064670 0 D806630 0
1064670 0 D847952 0
1064670 0 D881448 1
1064670 0 D881449 1
1064670 0 D881450 1
1064670 0 D881451 1
1064670 0 D881452 2
1064670 0 D881453 0
1064670 0 D999584 0
1071750 0 D1000263 0
1071750 0 D1101032 0
1071750 0 D1123870 0
1071750 0 D1160205 0
1071750 0 D1199240 0
1071750 0 D121468 0
1071750 0 D1244475 0
1071750 0 D1278424 1
1071750 0 D1278425 0
1071750 0 D1278427 0
1071750 0 D1278428 0
1071750 0 D1328757 0
1071750 0 D1330974 0
1071750 0 D1330975 0
1071750 0 D1330976 1
1071750 0 D1346369 0
1071750 0 D13490 0
1071750 0 D1373395 0
1071750 0 D1399949 0
1071750 0 D1416326 0
1071750 0 D1416327 0
1071750 0 D1512114 0
1071750 0 D15283 0
1071750 0 D1535952 0
1071750 0 D1538718 0
1071750 0 D1589594 1
1071750 0 D1612701 0
1071750 0 D1643511 0
1071750 0 D1652032 1
1071750 0 D1682175 0
1071750 0 D1682180 0
1071750 0 D1703608 0
1071750 0 D1738830 0
1071750 0 D1747623 0
1071750 0 D1760678 0
1071750 0 D1767264 1
1071750 0 D1767265 0
1071750 0 D1767266 1
1071750 0 D1767267 0
1071750 0 D1767269 1
1071750 0 D1785339 0
1071750 0 D1789192 0
1071750 0 D1795775 0
1071750 0 D1818834 0
1071750 0 D1826256 0
1071750 0 D1843037 0
1071750 0 D1845035 0
1071750 0 D1855851 0
1071750 0 D1887471 0
1071750 0 D1920487 0
1071750 0 D1922038 0
1071750 0 D1929247 0
1071750 0 D1929248 0
1071750 0 D1940452 0
1071750 0 D1940453 0
1071750 0 D1942249 0
1071750 0 D1942250 0
1071750 0 D1942251 0
1071750 0 D1942252 1
1071750 0 D1942253 0
1071750 0 D1942254 0
1071750 0 D1942255 0
1071750 0 D1953527 0
1071750 0 D1961917 0
1071750 0 D1975091 0
1071750 0 D1985523 0
1071750 0 D1985524 1
1071750 0 D2033516 0
1071750 0 D2033517 1
1071750 0 D2071834 0
1071750 0 D2082116 1
1071750 0 D2082117 0
1071750 0 D2083554 0
1071750 0 D2111167 1
1071750 0 D2111168 1
1071750 0 D2111169 0
1071750 0 D2111170 1
1071750 0 D2172786 0
1071750 0 D2172787 1
1071750 0 D2172788 0
1071750 0 D2172789 0
1071750 0 D2176788 0
1071750 0 D2186978 0
1071750 0 D2186981 0
1071750 0 D21967 1
1071750 0 D2209103 0
1071750 0 D2242020 0
1071750 0 D2268585 0
1071750 0 D2270231 1
1071750 0 D2270232 0
1071750 0 D2270233 0
1071750 0 D2285381 1
1071750 0 D2299853 0
1071750 0 D2348447 0
1071750 0 D2359088 0
1071750 0 D2361046 1
1071750 0 D2366033 0
1071750 0 D2401460 1
1071750 0 D2401461 1
1071750 0 D2401462 0
1071750 0 D2401463 0
1071750 0 D2401464 0
1071750 0 D2401465 2
1071750 0 D2442888 1
1071750 0 D2454289 0
1071750 0 D2462534 0
1071750 0 D2552961 0
1071750 0 D2554934 0
1071750 0 D2689519 0
1071750 0 D2723193 0
1071750 0 D2723194 0
1071750 0 D2723195 1
1071750 0 D2761229 0
1071750 0 D2797673 1
1071750 0 D2797674 0
1071750 0 D2797676 0
1071750 0 D2827632 1
1071750 0 D2893137 0
1071750 0 D2901528 0
1071750 0 D2918233 0
1071750 0 D2937032 0
1071750 0 D2937034 1
1071750 0 D2974810 0
1071750 0 D2997454 0
1071750 0 D3001246 0
1071750 0 D3018486 0
1071750 0 D3041906 2
1071750 0 D3041907 0
1071750 0 D3041908 0
1071750 0 D3041909 0
1071750 0 D3111885 0
1071750 0 D3167552 0
1071750 0 D3189859 0
1071750 0 D3243382 0
1071750 0 D3243384 1
1071750 0 D3243385 1
1071750 0 D3287113 1
1071750 0 D3323707 0
1071750 0 D3371919 0
1071750 0 D3371921 0
1071750 0 D3384520 0
1071750 0 D3394589 1
1071750 0 D3394592 1
1071750 0 D3406742 0
1071750 0 D3444818 1
1071750 0 D3455626 0
1071750 0 D3511096 1
1071750 0 D3511097 1
1071750 0 D3511098 1
1071750 0 D361127 0
1071750 0 D365014 0
1071750 0 D391069 0
1071750 0 D414120 0
1071750 0 D431077 0
1071750 0 D444926 0
1071750 0 D444929 0
1071750 0 D446241 0
1071750 0 D48271 0
1071750 0 D502195 0
1071750 0 D502196 0
1071750 0 D559966 0
1071750 0 D566389 0
1071750 0 D580775 0
1071750 0 D580777 0
1071750 0 D581937 0
1071750 0 D6241 0
1071750 0 D657734 0
1071750 0 D657739 0
1071750 0 D741398 0
1071750 0 D786589 0
1071750 0 D799576 0
1071750 0 D811677 0
1071750 0 D875580 0
1071750 0 D908902 1
1071750 0 D986548 0
1071750 0 D993682 0
1103153 0 D101709 0
1103153 0 D101711 0
1103153 0 D101713 0
1103153 0 D101715 0
1103153 0 D1042117 0
1103153 0 D105656 0
1103153 0 D1069442 0
1103153 0 D1084485 0
1103153 0 D1112258 0
1103153 0 D113147 0
1103153 0 D1165993 0
1103153 0 D1176199 0
1103153 0 D1200369 0
1103153 0 D1240138 0
1103153 0 D1243746 1
1103153 0 D1255610 0
1103153 0 D1306578 0
1103153 0 D1315606 0
1103153 0 D131738 0
1103153 0 D1320397 0
1103153 0 D1323306 0
1103153 0 D1323307 0
1103153 0 D1323308 0
1103153 0 D1375895 0
1103153 0 D1382442 0
1103153 0 D1410378 0
1103153 0 D1411701 0
1103153 0 D1411702 0
1103153 0 D1411704 0
1103153 0 D1428924 0
1103153 0 D144921 0
1103153 0 D1450708 0
1103153 0 D1454146 0
1103153 0 D1454147 0
1103153 0 D149739 0
1103153 0 D1498417 0
1103153 0 D1498528 0
1103153 0 D1498746 0
1103153 0 D1513593 0
1103153 0 D152457 0
1103153 0 D1527421 0
1103153 0 D153712 0
1103153 0 D1574649 0
1103153 0 D1588309 0
1103153 0 D1591722 0
1103153 0 D1591723 0
1103153 0 D1609496 0
1103153 0 D1623645 0
1103153 0 D1624005 0
1103153 0 D1635722 0
1103153 0 D1640644 0
1103153 0 D1641252 0
1103153 0 D1649571 0
1103153 0 D166120 0
1103153 0 D1664042 0
1103153 0 D1665348 0
1103153 0 D1669955 0
1103153 0 D1671878 0
1103153 0 D1682709 0
1103153 0 D1686939 0
1103153 0 D1697475 0
1103153 0 D1704 0
1103153 0 D1726272 1
1103153 0 D1743996 0
1103153 0 D1773514 0
1103153 0 D1791939 0
1103153 0 D1794329 0
1103153 0 D1804902 0
1103153 0 D1810624 0
1103153 0 D1822908 0
1103153 0 D1849210 0
1103153 0 D1880576 1
1103153 0 D1885368 0
1103153 0 D1889196 0
1103153 0 D1905660 0
1103153 0 D1918131 0
1103153 0 D1924111 0
1103153 0 D1926386 0
1103153 0 D1939368 0
1103153 0 D1948327 0
1103153 0 D195190 0
1103153 0 D1951946 0
1103153 0 D1966467 0
1103153 0 D1966808 0
1103153 0 D1966809 0
1103153 0 D1997840 0
1103153 0 D2000999 0
1103153 0 D2018900 0
1103153 0 D202575 0
1103153 0 D2052617 0
1103153 0 D2059125 0
1103153 0 D2063900 0
1103153 0 D2079138 0
1103153 0 D2083642 0
1103153 0 D210019 0
1103153 0 D2101065 0
1103153 0 D2102461 0
1103153 0 D2125124 0
1103153 0 D2154828 0
1103153 0 D2181458 0
1103153 0 D2191834 0
1103153 0 D2207003 0
1103153 0 D2229329 0
1103153 0 D2242743 0
1103153 0 D2254505 1
1103153 0 D2274198 0
1103153 0 D2289146 2
1103153 0 D2313477 0
1103153 0 D2331148 0
1103153 0 D2336063 0
1103153 0 D2337665 0
1103153 0 D2354971 0
1103153 0 D2389594 0
1103153 0 D2392395 0
1103153 0 D239674 0
1103153 0 D240466 1
1103153 0 D2413446 0
1103153 0 D242919 0
1103153 0 D2429553 0
1103153 0 D2431 0
1103153 0 D245232 0
1103153 0 D247547 0
1103153 0 D2483171 0
1103153 0 D2563636 0
1103153 0 D2579648 0
1103153 0 D2588121 0
1103153 0 D2607978 0
1103153 0 D2607979 0
1103153 0 D2607981 0
1103153 0 D2622551 1
1103153 0 D2738892 0
1103153 0 D273917 1
1103153 0 D273919 0
1103153 0 D2777013 0
1103153 0 D2777016 0
1103153 0 D2782574 0
1103153 0 D2790396 0
1103153 0 D279226 0
1103153 0 D279227 0
1103153 0 D2798646 0
1103153 0 D2814588 0
1103153 0 D2896902 0
1103153 0 D2903892 0
1103153 0 D29213 0
1103153 0 D2924979 0
1103153 0 D2934968 0
1103153 0 D2936493 0
1103153 0 D2948079 0
1103153 0 D2958802 0
1103153 0 D296802 0
1103153 0 D2974900 0
1103153 0 D2979426 0
1103153 0 D2993738 0
1103153 0 D300913 0
1103153 0 D301891 0
1103153 0 D3035004 0
1103153 0 D3109639 0
1103153 0 D3138767 0
1103153 0 D319877 0
1103153 0 D3215453 0
1103153 0 D3246374 0
1103153 0 D3246375 0
1103153 0 D3246379 1
1103153 0 D3246602 0
1103153 0 D3305383 1
1103153 0 D3310920 0
1103153 0 D3323871 0
1103153 0 D3326024 0
1103153 0 D3332415 0
1103153 0 D3339477 1
1103153 0 D3339478 1
1103153 0 D3364379 0
1103153 0 D3405716 0
1103153 0 D3433022 0
1103153 0 D3461069 0
1103153 0 D34751 0
1103153 0 D3508379 0
1103153 0 D3509115 0
1103153 0 D3517733 1
1103153 0 D3555078 0
1103153 0 D36183 0
1103153 0 D376429 0
1103153 0 D383386 0
1103153 0 D392925 0
1103153 0 D392926 0
1103153 0 D399599 0
1103153 0 D43129 0
1103153 0 D43881 0
1103153 0 D438957 0
1103153 0 D452181 0
1103153 0 D461989 0
1103153 0 D466604 0
1103153 0 D469110 0
1103153 0 D515802 0
1103153 0 D519352 0
1103153 0 D531048 0
1103153 0 D53948 0
1103153 0 D544292 0
1103153 0 D554726 0
1103153 0 D606294 0
1103153 0 D608280 0
1103153 0 D608285 0
1103153 0 D611458 0
1103153 0 D61977 0
1103153 0 D625753 0
1103153 0 D628740 0
1103153 0 D649503 0
1103153 0 D652428 0
1103153 0 D660153 0
1103153 0 D660158 0
1103153 0 D680073 0
1103153 0 D688617 0
1103153 0 D68881 1
1103153 0 D704412 0
1103153 0 D711539 0
1103153 0 D723116 0
1103153 0 D750797 0
1103153 0 D750798 0
1103153 0 D755193 0
1103153 0 D888420 0
1103153 0 D889143 0
1103153 0 D891673 0
1103153 0 D905670 0
1103153 0 D909323 0
1103153 0 D91859 0
1103153 0 D922059 0
1103153 0 D924894 0
1103153 0 D959087 0
1103153 0 D991381 0
1103153 0 D999018 0
1105792 0 D1038462 0
1105792 0 D1040847 0
1105792 0 D1049372 0
1105792 0 D1076044 0
1105792 0 D1084130 0
1105792 0 D1103053 0
1105792 0 D1126541 0
1105792 0 D1142634 0
1105792 0 D1156606 0
1105792 0 D1156609 1
1105792 0 D1176834 0
1105792 0 D1212615 0
1105792 0 D1225409 0
1105792 0 D1239055 0
1105792 0 D1246094 0
1105792 0 D126749 3
1105792 0 D128433 0
1105792 0 D1295889 0
1105792 0 D1357653 0
1105792 0 D1369317 0
1105792 0 D1380914 0
1105792 0 D1392904 0
1105792 0 D1453623 0
1105792 0 D1458817 0
1105792 0 D1458821 0
1105792 0 D1460058 0
1105792 0 D1484829 0
1105792 0 D1526579 0
1105792 0 D1555779 0
1105792 0 D15717 1
1105792 0 D1580322 0
1105792 0 D1592627 0
1105792 0 D1597684 0
1105792 0 D1606610 0
1105792 0 D1608231 0
1105792 0 D1635656 0
1105792 0 D1635659 0
1105792 0 D1637841 0
1105792 0 D1638864 0
1105792 0 D1653044 0
1105792 0 D1675465 0
1105792 0 D1697929 0
1105792 0 D169926 0
1105792 0 D1699379 0
1105792 0 D1729745 0
1105792 0 D1734372 0
1105792 0 D1761254 0
1105792 0 D1781881 0
1105792 0 D1805909 0
1105792 0 D183039 0
1105792 0 D1836848 0
1105792 0 D1852404 0
1105792 0 D1852406 0
1105792 0 D1852408 0
1105792 0 D1862379 0
1105792 0 D1873835 0
1105792 0 D1890967 0
1105792 0 D190516 0
1105792 0 D191978 0
1105792 0 D1922806 0
1105792 0 D1942224 0
1105792 0 D1951314 3
1105792 0 D197037 0
1105792 0 D1971857 0
1105792 0 D202843 0
1105792 0 D2039060 0
1105792 0 D2039303 0
1105792 0 D2056561 0
1105792 0 D2100545 0
1105792 0 D2110463 0
1105792 0 D2144120 0
1105792 0 D2149742 0
1105792 0 D2187345 0
1105792 0 D2211595 0
1105792 0 D22773 0
1105792 0 D2290464 0
1105792 0 D2292695 0
1105792 0 D2292700 0
1105792 0 D2314673 0
1105792 0 D2318286 0
1105792 0 D232971 0
1105792 0 D2338671 0
1105792 0 D2338674 0
1105792 0 D2366790 0
1105792 0 D245508 1
1105792 0 D2477008 0
1105792 0 D2481390 0
1105792 0 D2518081 0
1105792 0 D2527075 0
1105792 0 D2559753 0
1105792 0 D2599700 0
1105792 0 D2659370 0
1105792 0 D2674625 0
1105792 0 D2682542 0
1105792 0 D2682543 0
1105792 0 D2684155 0
1105792 0 D2719289 0
1105792 0 D274370 0
1105792 0 D278575 0
1105792 0 D2797131 0
1105792 0 D2797132 0
1105792 0 D2803291 0
1105792 0 D2837452 0
1105792 0 D2839530 0
1105792 0 D2868468 0
1105792 0 D288458 0
1105792 0 D2886793 0
1105792 0 D2912158 1
1105792 0 D2928351 0
1105792 0 D294104 0
1105792 0 D2947818 0
1105792 0 D2955383 0
1105792 0 D2955385 0
1105792 0 D2970680 0
1105792 0 D300748 0
1105792 0 D3013796 0
1105792 0 D3030875 0
1105792 0 D3047359 0
1105792 0 D3097566 0
1105792 0 D3118970 0
1105792 0 D3167268 0
1105792 0 D3211267 0
1105792 0 D3234341 0
1105792 0 D3272669 0
1105792 0 D3294975 0
1105792 0 D3309765 0
1105792 0 D3327640 1
1105792 0 D3327641 0
1105792 0 D3348317 0
1105792 0 D3383702 0
1105792 0 D3386047 0
1105792 0 D3393930 0
1105792 0 D3398706 0
1105792 0 D3421531 0
1105792 0 D3444264 0
1105792 0 D3475201 0
1105792 0 D3478476 0
1105792 0 D3515821 0
1105792 0 D3541083 0
1105792 0 D3553462 0
1105792 0 D36677 0
1105792 0 D381741 0
1105792 0 D381743 0
1105792 0 D383454 0
1105792 0 D422302 0
1105792 0 D452857 0
1105792 0 D471796 0
1105792 0 D499056 0
1105792 0 D522498 0
1105792 0 D571828 0
1105792 0 D578283 0
1105792 0 D609400 0
1105792 0 D617902 0
1105792 0 D653561 0
1105792 0 D654436 0
1105792 0 D678734 0
1105792 0 D690506 0
1105792 0 D717438 0
1105792 0 D717439 0
1105792 0 D752783 1
1105792 0 D765509 0
1105792 0 D783475 0
1105792 0 D786780 0
1105792 0 D793149 0
1105792 0 D822424 0
1105792 0 D857848 0
1105792 0 D879609 0
1105792 0 D888108 2
1105792 0 D890655 0
1105792 0 D897285 0
1105792 0 D902415 0
1105792 0 D914738 0
1105792 0 D929783 0
1105792 0 D929784 0
1105792 0 D948864 0
1105792 0 D980217 0
1108729 0 D100117 0
1108729 0 D1014610 0
1108729 0 D1045626 0
1108729 0 D1076586 0
1108729 0 D1085078 0
1108729 0 D1088722 0
1108729 0 D1092755 0
1108729 0 D1092759 0
1108729 0 D1099718 0
1108729 0 D113098 0
1108729 0 D114780 0
1108729 0 D1164947 0
1108729 0 D1195906 0
1108729 0 D1199250 0
1108729 0 D1204792 2
1108729 0 D1206608 0
1108729 0 D1212569 0
1108729 0 D1228820 0
1108729 0 D1240295 0
1108729 0 D1250662 0
1108729 0 D1250665 0
1108729 0 D1254599 0
1108729 0 D1254600 0
1108729 0 D1254601 0
1108729 0 D1261732 0
1108729 0 D1270220 0
1108729 0 D1282610 0
1108729 0 D1293118 0
1108729 0 D130931 0
1108729 0 D1363808 0
1108729 0 D1368412 0
1108729 0 D1381163 0
1108729 0 D1418085 0
1108729 0 D1418086 0
1108729 0 D1418087 0
1108729 0 D1510584 0
1108729 0 D1511151 0
1108729 0 D15472 0
1108729 0 D1558426 0
1108729 0 D1579404 0
1108729 0 D1588135 0
1108729 0 D1596244 0
1108729 0 D1619554 0
1108729 0 D1631479 0
1108729 0 D1639795 0
1108729 0 D1666845 0
1108729 0 D1666849 0
1108729 0 D1695562 0
1108729 0 D1721208 0
1108729 0 D1773564 0
1108729 0 D1773565 0
1108729 0 D1804053 0
1108729 0 D190069 0
1108729 0 D190076 0
1108729 0 D1915356 0
1108729 0 D1915357 2
1108729 0 D1915358 0
1108729 0 D1915359 0
1108729 0 D1962440 0
1108729 0 D2020712 0
1108729 0 D2024574 0
1108729 0 D2036968 1
1108729 0 D2062643 0
1108729 0 D2066764 0
1108729 0 D2074114 0
1108729 0 D2074115 0
1108729 0 D2106047 0
1108729 0 D2124251 0
1108729 0 D214932 0
1108729 0 D2177828 0
1108729 0 D2201786 0
1108729 0 D2272261 0
1108729 0 D2290365 0
1108729 0 D2302336 0
1108729 0 D2303710 0
1108729 0 D2317189 0
1108729 0 D2343419 0
1108729 0 D2350459 0
1108729 0 D237350 0
1108729 0 D2416903 0
1108729 0 D2459570 0
1108729 0 D2464736 0
1108729 0 D2464738 1
1108729 0 D2464739 0
1108729 0 D2538459 0
1108729 0 D2541846 0
1108729 0 D2549201 0
1108729 0 D2565961 0
1108729 0 D2601257 0
1108729 0 D2608172 0
1108729 0 D2619567 0
1108729 0 D265095 0
1108729 0 D2667827 0
1108729 0 D2675656 0
1108729 0 D2713218 0
1108729 0 D2767045 0
1108729 0 D2788794 0
1108729 0 D2788795 0
1108729 0 D2796941 0
1108729 0 D280087 0
1108729 0 D2831154 0
1108729 0 D2854876 0
1108729 0 D2875727 0
1108729 0 D2883904 0
1108729 0 D289864 0
1108729 0 D2906183 0
1108729 0 D3026732 0
1108729 0 D3026733 0
1108729 0 D3051014 0
1108729 0 D3051015 0
1108729 0 D3078224 0
1108729 0 D3084161 0
1108729 0 D3084301 0
1108729 0 D3112377 0
1108729 0 D311638 0
1108729 0 D311641 0
1108729 0 D3121050 0
1108729 0 D3122108 0
1108729 0 D3124265 0
1108729 0 D3161853 0
1108729 0 D3176866 0
1108729 0 D3182011 0
1108729 0 D3187 0
1108729 0 D3188 0
1108729 0 D3210654 0
1108729 0 D3233267 0
1108729 0 D3300395 0
1108729 0 D3300396 0
1108729 0 D3315777 1
1108729 0 D3315781 0
1108729 0 D3315782 0
1108729 0 D334113 0
1108729 0 D342673 0
1108729 0 D343723 0
1108729 0 D3437632 0
1108729 0 D3473154 0
1108729 0 D362253 0
1108729 0 D374846 0
1108729 0 D375514 0
1108729 0 D387326 0
1108729 0 D393681 0
1108729 0 D39462 0
1108729 0 D39463 0
1108729 0 D39465 0
1108729 0 D400681 0
1108729 0 D440221 0
1108729 0 D45347 0
1108729 0 D477364 0
1108729 0 D506355 0
1108729 0 D542995 0
1108729 0 D542996 0
1108729 0 D552276 0
1108729 0 D552277 0
1108729 0 D664249 0
1108729 0 D677148 0
1108729 0 D687103 0
1108729 0 D687107 0
1108729 0 D68723 0
1108729 0 D69072 0
1108729 0 D69075 0
1108729 0 D69079 0
1108729 0 D69080 0
1108729 0 D725221 0
1108729 0 D761388 0
1108729 0 D761390 0
1108729 0 D803923 0
1108729 0 D803927 0
1108729 0 D865668 0
1108729 0 D884787 0
1108729 0 D89971 0
1108729 0 D89974 0
1108729 0 D917989 0
1108729 0 D964342 0
1108729 0 D964379 0
1109707 0 D1021295 0
1109707 0 D1043875 3
1109707 0 D1049027 1
1109707 0 D104943 0
1109707 0 D1063676 0
1109707 0 D1072700 0
1109707 0 D107836 1
1109707 0 D1134987 1
1109707 0 D113995 0
1109707 0 D115342 1
1109707 0 D1161621 0
1109707 0 D1177187 0
1109707 0 D1185755 0
1109707 0 D1200325 0
1109707 0 D1220126 0
1109707 0 D1225737 0
1109707 0 D1231287 0
1109707 0 D1233020 1
1109707 0 D1233021 0
1109707 0 D1233022 0
1109707 0 D1239033 0
1109707 0 D1252319 0
1109707 0 D1252320 1
1109707 0 D1252361 0
1109707 0 D1254350 0
1109707 0 D126499 1
1109707 0 D1280694 0
1109707 0 D1294150 3
1109707 0 D1317258 0
1109707 0 D1338855 1
1109707 0 D1350082 1
1109707 0 D1357041 1
1109707 0 D137191 1
1109707 0 D1376652 1
1109707 0 D1381411 0
1109707 0 D1388895 0
1109707 0 D1391740 0
1109707 0 D1392028 0
1109707 0 D1433285 0
1109707 0 D143950 1
1109707 0 D143951 0
1109707 0 D1441929 1
1109707 0 D1445021 0
1109707 0 D1484631 0
1109707 0 D1490597 0
1109707 0 D1491629 0
1109707 0 D1503405 1
1109707 0 D1503406 0
1109707 0 D1504129 0
1109707 0 D1508890 0
1109707 0 D1514427 0
1109707 0 D1522194 0
1109707 0 D1541322 0
1109707 0 D1545371 1
1109707 0 D15490 1
1109707 0 D15492 0
1109707 0 D15495 1
1109707 0 D1551264 1
1109707 0 D1566977 0
1109707 0 D1568991 0
1109707 0 D1572709 1
1109707 0 D1573895 0
1109707 0 D157880 0
1109707 0 D159412 0
1109707 0 D1596301 1
1109707 0 D1604398 0
1109707 0 D1607767 0
1109707 0 D1613083 0
1109707 0 D1623803 0
1109707 0 D1624313 1
1109707 0 D16257 1
1109707 0 D16260 1
1109707 0 D1643607 0
1109707 0 D1644714 0
1109707 0 D1654162 0
1109707 0 D167393 0
1109707 0 D16791 0
1109707 0 D1728985 0
1109707 0 D1746408 0
1109707 0 D1774531 2
1109707 0 D1774532 1
1109707 0 D1774534 1
1109707 0 D1775364 0
1109707 0 D1775365 0
1109707 0 D1776010 1
1109707 0 D1790719 0
1109707 0 D1822787 1
1109707 0 D1835312 1
1109707 0 D1837546 0
1109707 0 D1859869 0
1109707 0 D1883250 0
1109707 0 D189101 0
1109707 0 D1895062 0
1109707 0 D1895762 1
1109707 0 D1899099 0
1109707 0 D1903112 0
1109707 0 D1903114 0
1109707 0 D1904203 0
1109707 0 D1905082 0
1109707 0 D191582 0
1109707 0 D191583 0
1109707 0 D1939476 0
1109707 0 D1991922 0
1109707 0 D1991924 0
1109707 0 D1994793 1
1109707 0 D2016383 0
1109707 0 D2017358 0
1109707 0 D2022816 0
1109707 0 D2022817 0
1109707 0 D2048445 0
1109707 0 D2048447 0
1109707 0 D2085776 0
1109707 0 D209319 0
1109707 0 D2121182 0
1109707 0 D213322 0
1109707 0 D213323 0
1109707 0 D213325 0
1109707 0 D2151474 2
1109707 0 D21521 0
1109707 0 D2157514 1
1109707 0 D2174405 0
1109707 0 D2182880 1
1109707 0 D2182882 0
1109707 0 D2201390 0
1109707 0 D2212828 0
1109707 0 D2214636 0
1109707 0 D2217786 0
1109707 0 D2224868 0
1109707 0 D2233945 0
1109707 0 D2250616 0
1109707 0 D2258426 0
1109707 0 D2260252 1
1109707 0 D2261363 0
1109707 0 D2261364 0
1109707 0 D2261365 1
1109707 0 D2261795 1
1109707 0 D2261797 0
1109707 0 D2274155 1
1109707 0 D2274156 1
1109707 0 D2274157 2
1109707 0 D2274158 1
1109707 0 D2281843 1
1109707 0 D2294085 0
1109707 0 D2294086 0
1109707 0 D2296372 1
1109707 0 D2325382 1
1109707 0 D2346474 1
1109707 0 D2365539 0
1109707 0 D2394446 0
1109707 0 D2398587 1
1109707 0 D2398588 1
1109707 0 D2399480 0
1109707 0 D2399640 1
1109707 0 D2424476 0
1109707 0 D2450568 0
1109707 0 D2456531 0
1109707 0 D2457297 0
1109707 0 D2498768 0
1109707 0 D2510176 1
1109707 0 D2513687 1
1109707 0 D2516239 1
1109707 0 D2516240 0
1109707 0 D2516241 1
1109707 0 D2527564 0
1109707 0 D2545647 0
1109707 0 D2549232 0
1109707 0 D2564962 0
1109707 0 D2572608 0
1109707 0 D257363 0
1109707 0 D2591874 0
1109707 0 D2601290 0
1109707 0 D2624544 1
1109707 0 D2624545 0
1109707 0 D2624547 0
1109707 0 D2624548 1
1109707 0 D2626485 0
1109707 0 D2660336 0
1109707 0 D2674718 0
1109707 0 D2680398 2
1109707 0 D2680399 1
1109707 0 D271329 1
1109707 0 D2728826 0
1109707 0 D27701 0
1109707 0 D2770742 0
1109707 0 D2771942 0
1109707 0 D279154 0
1109707 0 D2803811 0
1109707 0 D2818532 1
1109707 0 D2842458 1
1109707 0 D2852785 1
1109707 0 D2852786 1
1109707 0 D2852787 0
1109707 0 D2852788 0
1109707 0 D2916120 0
1109707 0 D2935058 0
1109707 0 D2966853 0
1109707 0 D2980120 0
1109707 0 D2981342 0
1109707 0 D3018563 0
1109707 0 D3031221 0
1109707 0 D303346 0
1109707 0 D3053156 1
1109707 0 D3097944 1
1109707 0 D3127177 0
1109707 0 D313061 0
1109707 0 D313299 1
1109707 0 D314490 0
1109707 0 D3169408 0
1109707 0 D3171812 1
1109707 0 D3171813 0
1109707 0 D31742 1
1109707 0 D3189795 0
1109707 0 D31903 1
1109707 0 D319129 0
1109707 0 D319694 0
1109707 0 D3215153 0
1109707 0 D3215155 0
1109707 0 D325968 0
1109707 0 D3271576 1
1109707 0 D3283995 1
1109707 0 D3295341 0
1109707 0 D3310690 1
1109707 0 D3310692 1
1109707 0 D3311476 0
1109707 0 D3326893 0
1109707 0 D3374314 0
1109707 0 D3389113 0
1109707 0 D3389114 0
1109707 0 D3406660 0
1109707 0 D3406969 0
1109707 0 D3442885 0
1109707 0 D3457693 0
1109707 0 D3457695 1
1109707 0 D3462270 1
1109707 0 D3473527 0
1109707 0 D3492353 0
1109707 0 D3496759 0
1109707 0 D3500419 0
1109707 0 D3510896 1
1109707 0 D3526134 0
1109707 0 D3544204 0
1109707 0 D3560842 0
1109707 0 D360168 0
1109707 0 D366879 0
1109707 0 D383320 1
1109707 0 D390446 1
1109707 0 D41118 0
1109707 0 D41119 0
1109707 0 D415614 0
1109707 0 D415617 0
1109707 0 D416028 0
1109707 0 D450164 0
1109707 0 D455589 1
1109707 0 D455590 1
1109707 0 D455592 0
1109707 0 D455654 0
1109707 0 D464586 0
1109707 0 D470481 0
1109707 0 D474782 0
1109707 0 D508662 0
1109707 0 D526667 1
1109707 0 D526669 1
1109707 0 D533862 0
1109707 0 D543264 0
1109707 0 D623241 1
1109707 0 D627047 0
1109707 0 D668931 0
1109707 0 D681604 0
1109707 0 D685401 0
1109707 0 D685402 1
1109707 0 D687641 0
1109707 0 D720042 0
1109707 0 D72310 0
1109707 0 D728185 0
1109707 0 D731444 0
1109707 0 D731445 0
1109707 0 D740544 0
1109707 0 D752853 0
1109707 0 D756195 1
1109707 0 D756197 0
1109707 0 D757036 0
1109707 0 D757037 1
1109707 0 D786827 0
1109707 0 D792115 0
1109707 0 D796524 0
1109707 0 D823969 1
1109707 0 D823971 1
1109707 0 D824104 1
1109707 0 D824106 0
1109707 0 D827904 0
1109707 0 D830168 0
1109707 0 D85733 1
1109707 0 D85734 0
1109707 0 D862374 1
1109707 0 D87202 0
1109707 0 D879832 0
1109707 0 D921 0
1109707 0 D930481 1
1109707 0 D940181 0
1109707 0 D964454 0
1109707 0 D982147 0
1109707 0 D983771 0
1109707 0 D988483 1
1113256 0 D1101822 0
1113256 0 D1126463 0
1113256 0 D1126464 0
1113256 0 D1126466 0
1113256 0 D1159118 0
1113256 0 D1168974 0
1113256 0 D1168975 0
1113256 0 D1168976 0
1113256 0 D1168977 0
1113256 0 D1187923 0
1113256 0 D1262524 0
1113256 0 D1279024 0
1113256 0 D1313955 0
1113256 0 D1391763 0
1113256 0 D1436587 0
1113256 0 D145653 0
1113256 0 D1478320 0
1113256 0 D1492694 0
1113256 0 D1492695 0
1113256 0 D1492696 0
1113256 0 D1492697 0
1113256 0 D1552656 0
1113256 0 D1564695 0
1113256 0 D1584910 0
1113256 0 D1610349 0
1113256 0 D1630870 0
1113256 0 D1636424 0
1113256 0 D1649635 0
1113256 0 D1649636 0
1113256 0 D1649637 0
1113256 0 D1649638 0
1113256 0 D1667188 0
1113256 0 D1667191 0
1113256 0 D1680348 0
1113256 0 D1700305 0
1113256 0 D1744108 0
1113256 0 D1753499 0
1113256 0 D1760336 0
1113256 0 D1767256 0
1113256 0 D1783634 0
1113256 0 D1836732 0
1113256 0 D1841929 0
1113256 0 D1861440 0
1113256 0 D1872945 0
1113256 0 D1903336 0
1113256 0 D1919289 3
1113256 0 D1919290 0
1113256 0 D1919291 3
1113256 0 D1919292 2
1113256 0 D1919293 1
1113256 0 D1919294 2
1113256 0 D1919295 3
1113256 0 D1919296 0
1113256 0 D1919297 3
1113256 0 D1959325 0
1113256 0 D1965468 0
1113256 0 D1965469 0
1113256 0 D1965470 0
1113256 0 D1965471 0
1113256 0 D1965472 0
1113256 0 D2009350 0
1113256 0 D2073731 0
1113256 0 D2105719 0
1113256 0 D2128724 0
1113256 0 D2128726 0
1113256 0 D2128727 0
1113256 0 D2128728 0
1113256 0 D2268374 0
1113256 0 D2390586 0
1113256 0 D2391436 0
1113256 0 D2391437 0
1113256 0 D2391438 0
1113256 0 D2418089 0
1113256 0 D2420353 0
1113256 0 D2544160 0
1113256 0 D2545076 0
1113256 0 D2560889 0
1113256 0 D2591352 0
1113256 0 D2612418 0
1113256 0 D2637627 0
1113256 0 D2637628 0
1113256 0 D2637630 0
1113256 0 D2643677 0
1113256 0 D2646158 0
1113256 0 D2697921 0
1113256 0 D2705028 0
1113256 0 D2759948 0
1113256 0 D27737 0
1113256 0 D28051 0
1113256 0 D2871699 0
1113256 0 D289605 0
1113256 0 D2916531 0
1113256 0 D2924089 0
1113256 0 D2929229 0
1113256 0 D2943282 0
1113256 0 D2979753 0
1113256 0 D2979754 0
1113256 0 D2979755 0
1113256 0 D2979757 0
1113256 0 D2979758 0
1113256 0 D2997967 0
1113256 0 D3010244 0
1113256 0 D3025491 0
1113256 0 D304772 0
1113256 0 D3093073 0
1113256 0 D3115410 0
1113256 0 D3205620 0
1113256 0 D3295717 3
1113256 0 D3295718 0
1113256 0 D3338521 0
1113256 0 D3338522 0
1113256 0 D3338523 0
1113256 0 D3338524 0
1113256 0 D3338525 0
1113256 0 D3339488 0
1113256 0 D3345486 0
1113256 0 D3357301 0
1113256 0 D3399697 0
1113256 0 D3498783 0
1113256 0 D396534 0
1113256 0 D461090 0
1113256 0 D475528 0
1113256 0 D475529 0
1113256 0 D517169 0
1113256 0 D632733 0
1113256 0 D639770 0
1113256 0 D786228 0
1113256 0 D877329 0
1113256 0 D881858 0
1113256 0 D885206 0
1113256 0 D896942 0
1113256 0 D921154 0
1113256 0 D92565 0
1113256 0 D928329 0
1113256 0 D934423 0
1113256 0 D974431 0
1115210 0 D1009857 0
1115210 0 D1009859 0
1115210 0 D1015715 0
1115210 0 D1015716 0
1115210 0 D1073043 0
1115210 0 D1108568 1
1115210 0 D1108571 0
1115210 0 D1108572 0
1115210 0 D1108574 0
1115210 0 D1108575 1
1115210 0 D1140487 0
1115210 0 D1148099 0
1115210 0 D1220960 0
1115210 0 D1236449 0
1115210 0 D1253521 1
1115210 0 D1266785 1
1115210 0 D1295319 1
1115210 0 D1295320 0
1115210 0 D132841 0
1115210 0 D1331195 0
1115210 0 D1331199 0
1115210 0 D1367451 0
1115210 0 D1392802 1
1115210 0 D1399827 0
1115210 0 D1399828 0
1115210 0 D1401214 0
1115210 0 D1401215 0
1115210 0 D1401216 0
1115210 0 D1401217 0
1115210 0 D1401218 0
1115210 0 D1401219 0
1115210 0 D1437211 0
1115210 0 D1477313 0
1115210 0 D1477471 0
1115210 0 D1477474 1
1115210 0 D147799 0
1115210 0 D1485498 0
1115210 0 D1499251 0
1115210 0 D1504656 0
1115210 0 D1506892 0
1115210 0 D1531529 0
1115210 0 D1610947 0
1115210 0 D1618407 0
1115210 0 D1620797 0
1115210 0 D1620800 0
1115210 0 D1653862 0
1115210 0 D1659789 0
1115210 0 D1670678 0
1115210 0 D1674149 0
1115210 0 D1681499 0
1115210 0 D1691144 0
1115210 0 D1704600 0
1115210 0 D1732122 0
1115210 0 D1818403 0
1115210 0 D1819758 0
1115210 0 D1839158 0
1115210 0 D1839160 0
1115210 0 D1907560 1
1115210 0 D190950 0
1115210 0 D1929292 0
1115210 0 D1974169 0
1115210 0 D1979334 0
1115210 0 D1980463 0
1115210 0 D2017096 0
1115210 0 D2021912 0
1115210 0 D2036449 1
1115210 0 D2051678 0
1115210 0 D2060882 0
1115210 0 D206443 0
1115210 0 D2066894 1
1115210 0 D2067781 1
1115210 0 D2067782 0
1115210 0 D2073024 0
1115210 0 D2073025 1
1115210 0 D2077534 0
1115210 0 D2081177 0
1115210 0 D2092156 0
1115210 0 D2092174 0
1115210 0 D2145793 0
1115210 0 D217484 0
1115210 0 D2175219 0
1115210 0 D2176852 0
1115210 0 D2184313 0
1115210 0 D2188059 0
1115210 0 D2224361 0
1115210 0 D224071 1
1115210 0 D2245232 0
1115210 0 D2245572 0
1115210 0 D2274622 0
1115210 0 D2324229 0
1115210 0 D2345524 1
1115210 0 D2384770 0
1115210 0 D2395935 0
1115210 0 D2425305 0
1115210 0 D2428751 0
1115210 0 D2436272 0
1115210 0 D2455372 1
1115210 0 D2510057 0
1115210 0 D2510058 0
1115210 0 D2527762 1
1115210 0 D2541614 1
1115210 0 D2552839 0
1115210 0 D2566392 0
1115210 0 D2617667 0
1115210 0 D2627366 0
1115210 0 D2631858 0
1115210 0 D2653553 0
1115210 0 D2659133 1
1115210 0 D2702592 0
1115210 0 D2702593 0
1115210 0 D2781040 2
1115210 0 D2781044 1
1115210 0 D2813903 0
1115210 0 D281621 1
1115210 0 D2824387 0
1115210 0 D2849275 0
1115210 0 D2875333 0
1115210 0 D2923552 0
1115210 0 D2933828 0
1115210 0 D293404 0
1115210 0 D2945392 0
1115210 0 D2945394 0
1115210 0 D3006115 0
1115210 0 D3011164 0
1115210 0 D3030023 0
1115210 0 D3058543 0
1115210 0 D3134522 1
1115210 0 D3140785 0
1115210 0 D3150352 1
1115210 0 D3150354 0
1115210 0 D3190915 0
1115210 0 D3287032 3
1115210 0 D3287033 3
1115210 0 D3287034 1
1115210 0 D3287035 1
1115210 0 D3287036 1
1115210 0 D3287037 2
1115210 0 D3287038 1
1115210 0 D3287040 2
1115210 0 D3295486 1
1115210 0 D3301848 0
1115210 0 D331778 3
1115210 0 D3319349 0
1115210 0 D3329436 0
1115210 0 D3350975 0
1115210 0 D3362999 0
1115210 0 D3398123 0
1115210 0 D3421507 0
1115210 0 D3431039 1
1115210 0 D3433858 0
1115210 0 D3442128 0
1115210 0 D3456460 0
1115210 0 D3475591 0
1115210 0 D3477225 0
1115210 0 D3526380 0
1115210 0 D3533219 0
1115210 0 D358763 0
1115210 0 D374528 1
1115210 0 D391989 1
1115210 0 D395288 0
1115210 0 D395734 0
1115210 0 D428619 0
1115210 0 D432389 0
1115210 0 D456113 1
1115210 0 D478384 0
1115210 0 D493648 0
1115210 0 D528067 2
1115210 0 D543164 0
1115210 0 D549547 0
1115210 0 D55553 0
1115210 0 D55554 1
1115210 0 D55555 0
1115210 0 D55556 1
1115210 0 D55557 0
1115210 0 D58227 0
1115210 0 D603039 0
1115210 0 D606858 0
1115210 0 D609015 0
1115210 0 D634020 0
1115210 0 D638301 0
1115210 0 D656880 0
1115210 0 D681470 0
1115210 0 D695772 0
1115210 0 D711084 0
1115210 0 D713267 0
1115210 0 D775694 0
1115210 0 D786929 0
1115210 0 D811519 0
1115210 0 D818159 0
1115210 0 D818160 1
1115210 0 D823701 0
1115210 0 D83759 2
1115210 0 D891297 1
1115210 0 D891298 1
1115210 0 D893743 0
1115210 0 D893745 0
1115210 0 D936184 0
1115210 0 D936188 0
1115210 0 D936189 0
1115210 0 D973274 0
1115210 0 D978761 1
1115210 0 D98918 0
1115210 0 D98920 1
1115210 0 D98921 1
1115210 0 D98924 0
1116380 0 D1058239 0
1116380 0 D1058243 0
1116380 0 D1058245 0
1116380 0 D1069151 0
1116380 0 D1110597 0
1116380 0 D1131145 0
1116380 0 D1132537 3
1116380 0 D1132539 0
1116380 0 D1136014 0
1116380 0 D114213 2
1116380 0 D1179042 3
1116380 0 D1196855 0
1116380 0 D1202946 0
1116380 0 D1222627 0
1116380 0 D1222628 0
1116380 0 D122714 0
1116380 0 D1244543 0
1116380 0 D1253709 0
1116380 0 D1256611 0
1116380 0 D1271235 0
1116380 0 D1281746 0
1116380 0 D1318156 0
1116380 0 D1328682 0
1116380 0 D1328683 1
1116380 0 D1339014 0
1116380 0 D1360705 0
1116380 0 D1374338 0
1116380 0 D1389306 2
1116380 0 D1481300 0
1116380 0 D1485376 0
1116380 0 D1485377 0
1116380 0 D1489776 0
1116380 0 D1490310 0
1116380 0 D150719 3
1116380 0 D1516923 0
1116380 0 D154773 0
1116380 0 D1585659 0
1116380 0 D158983 0
1116380 0 D1602460 0
1116380 0 D1604481 0
1116380 0 D1609324 0
1116380 0 D1627620 0
1116380 0 D1711169 0
1116380 0 D1712215 0
1116380 0 D1729744 1
1116380 0 D1735364 0
1116380 0 D1745983 2
1116380 0 D1752626 0
1116380 0 D1765104 0
1116380 0 D1765105 0
1116380 0 D1777018 0
1116380 0 D180066 0
1116380 0 D1800782 0
1116380 0 D1800784 0
1116380 0 D1800785 0
1116380 0 D1802518 2
1116380 0 D1816346 0
1116380 0 D1836432 0
1116380 0 D1892927 0
1116380 0 D1894467 0
1116380 0 D1976626 3
1116380 0 D1983842 0
1116380 0 D1983843 1
1116380 0 D1983844 0
1116380 0 D1983845 3
1116380 0 D1993680 0
1116380 0 D2011897 0
1116380 0 D2012825 0
1116380 0 D2019772 0
1116380 0 D2019774 0
1116380 0 D2051027 0
1116380 0 D2062142 0
1116380 0 D2076139 0
1116380 0 D2079306 0
1116380 0 D2127375 0
1116380 0 D2127376 0
1116380 0 D2137972 0
1116380 0 D2181316 0
1116380 0 D2181317 1
1116380 0 D2181318 2
1116380 0 D2181319 3
1116380 0 D2181320 0
1116380 0 D2223304 0
1116380 0 D2241449 0
1116380 0 D2253837 0
1116380 0 D2328133 0
1116380 0 D2364194 1
1116380 0 D2399144 0
1116380 0 D244854 0
1116380 0 D2449886 0
1116380 0 D2449889 0
1116380 0 D2543166 0
1116380 0 D2543485 0
1116380 0 D2543644 3
1116380 0 D2641786 0
1116380 0 D2648226 0
1116380 0 D2775160 0
1116380 0 D288460 0
1116380 0 D2933926 0
1116380 0 D297362 0
1116380 0 D3027477 0
1116380 0 D303956 2
1116380 0 D3042796 0
1116380 0 D305396 0
1116380 0 D3063218 0
1116380 0 D3065794 0
1116380 0 D3075370 0
1116380 0 D3151914 0
1116380 0 D3198226 0
1116380 0 D3213450 0
1116380 0 D3219857 0
1116380 0 D3249764 0
1116380 0 D3259203 2
1116380 0 D3261336 0
1116380 0 D3278907 0
1116380 0 D3281815 2
1116380 0 D3288054 0
1116380 0 D3290104 3
1116380 0 D3290657 0
1116380 0 D3294200 0
1116380 0 D3318408 0
1116380 0 D3329986 0
1116380 0 D3407563 0
1116380 0 D3435081 0
1116380 0 D345006 0
1116380 0 D345008 0
1116380 0 D345009 2
1116380 0 D3465750 0
1116380 0 D3479934 0
1116380 0 D35069 0
1116380 0 D3542522 0
1116380 0 D3542525 0
1116380 0 D355781 0
1116380 0 D355783 0
1116380 0 D3558068 0
1116380 0 D367830 0
1116380 0 D398038 1
1116380 0 D414779 0
1116380 0 D419445 0
1116380 0 D43541 0
1116380 0 D442180 0
1116380 0 D540973 0
1116380 0 D571695 0
1116380 0 D598306 0
1116380 0 D606216 0
1116380 0 D615334 0
1116380 0 D650101 0
1116380 0 D650102 1
1116380 0 D654343 3
1116380 0 D654344 2
1116380 0 D654345 3
1116380 0 D654346 0
1116380 0 D662529 0
1116380 0 D662531 0
1116380 0 D668216 0
1116380 0 D714262 0
1116380 0 D717481 0
1116380 0 D719882 0
1116380 0 D72872 0
1116380 0 D74891 0
1116380 0 D757704 0
1116380 0 D757705 3
1116380 0 D757706 3
1116380 0 D813595 0
1116380 0 D822548 0
1116380 0 D826346 0
1116380 0 D826347 0
1116380 0 D826348 1
1116380 0 D83220 0
1116380 0 D858061 0
1116380 0 D860175 3
1116380 0 D860178 3
1116380 0 D860179 3
1116380 0 D860180 2
1116380 0 D860181 0
1116380 0 D860182 0
1116380 0 D868565 0
1116380 0 D896081 0
1116380 0 D963228 0
1119543 0 D1016874 0
1119543 0 D1017889 0
1119543 0 D1023680 0
1119543 0 D1057013 0
1119543 0 D1057014 0
1119543 0 D1057015 1
1119543 0 D1095127 0
1119543 0 D1095128 1
1119543 0 D1095130 0
1119543 0 D1120319 0
1119543 0 D1174914 0
1119543 0 D1202722 0
1119543 0 D1202724 0
1119543 0 D1202725 0
1119543 0 D1205866 0
1119543 0 D1205867 3
1119543 0 D1225490 0
1119543 0 D1227048 0
1119543 0 D1291318 1
1119543 0 D1322381 0
1119543 0 D1345378 0
1119543 0 D1346929 0
1119543 0 D137885 0
1119543 0 D1384093 0
1119543 0 D1394172 1
1119543 0 D1394173 0
1119543 0 D1394174 0
1119543 0 D1394175 0
1119543 0 D1394176 0
1119543 0 D1427096 0
1119543 0 D1456970 0
1119543 0 D1495940 0
1119543 0 D1578755 0
1119543 0 D1608735 0
1119543 0 D1657115 0
1119543 0 D1693658 0
1119543 0 D1747666 0
1119543 0 D1782921 3
1119543 0 D1795717 0
1119543 0 D1802909 1
1119543 0 D1806334 0
1119543 0 D1806336 2
1119543 0 D1840125 0
1119543 0 D1849970 0
1119543 0 D188020 0
1119543 0 D188022 0
1119543 0 D1891180 0
1119543 0 D1896831 0
1119543 0 D1914064 0
1119543 0 D1914066 0
1119543 0 D2029544 0
1119543 0 D2056147 0
1119543 0 D2208837 0
1119543 0 D2220073 0
1119543 0 D2271402 0
1119543 0 D2290006 0
1119543 0 D2290007 3
1119543 0 D2291711 0
1119543 0 D2347435 0
1119543 0 D2369972 0
1119543 0 D2395140 0
1119543 0 D2400940 0
1119543 0 D2420946 0
1119543 0 D2420948 2
1119543 0 D242212 0
1119543 0 D242214 0
1119543 0 D2454193 0
1119543 0 D2509656 0
1119543 0 D2530228 0
1119543 0 D2539995 0
1119543 0 D2539996 1
1119543 0 D2539997 0
1119543 0 D2595504 0
1119543 0 D2626217 0
1119543 0 D2626530 0
1119543 0 D2628735 0
1119543 0 D2647689 0
1119543 0 D2661871 0
1119543 0 D2685976 0
1119543 0 D2749147 0
1119543 0 D2752118 1
1119543 0 D2765923 0
1119543 0 D277629 0
1119543 0 D277630 0
1119543 0 D2811397 0
1119543 0 D2811398 1
1119543 0 D2861317 0
1119543 0 D2871665 0
1119543 0 D2890612 0
1119543 0 D2958484 3
1119543 0 D300390 0
1119543 0 D3041284 1
1119543 0 D3047810 0
1119543 0 D3048073 0
1119543 0 D3059198 0
1119543 0 D3137644 0
1119543 0 D3141926 0
1119543 0 D3148734 0
1119543 0 D3161773 0
1119543 0 D3165604 0
1119543 0 D3180442 0
1119543 0 D3268533 0
1119543 0 D3268534 1
1119543 0 D3268535 1
1119543 0 D328396 0
1119543 0 D328398 0
1119543 0 D3357206 0
1119543 0 D3357209 1
1119543 0 D3357211 0
1119543 0 D3365384 0
1119543 0 D3388513 0
1119543 0 D3393139 0
1119543 0 D3397129 0
1119543 0 D3443142 0
1119543 0 D3444656 0
1119543 0 D3515622 0
1119543 0 D3528923 0
1119543 0 D373333 0
1119543 0 D373334 0
1119543 0 D421830 0
1119543 0 D463868 0
1119543 0 D463870 0
1119543 0 D463872 0
1119543 0 D472153 0
1119543 0 D493565 0
1119543 0 D537063 0
1119543 0 D646292 0
1119543 0 D675743 1
1119543 0 D675744 0
1119543 0 D675745 0
1119543 0 D675746 0
1119543 0 D706990 0
1119543 0 D708405 3
1119543 0 D708406 3
1119543 0 D708408 0
1119543 0 D724888 0
1119543 0 D754469 0
1119543 0 D754470 1
1119543 0 D754471 1
1119543 0 D754472 0
1119543 0 D754474 0
1119543 0 D755859 0
1119543 0 D764261 0
1119543 0 D779886 0
1119543 0 D809982 0
1119543 0 D884935 0
1119543 0 D933107 0
1119543 0 D943686 0
1122767 0 D102969 0
1122767 0 D1031812 0
1122767 0 D1053840 0
1122767 0 D1110071 3
1122767 0 D1110072 0
1122767 0 D1110073 0
1122767 0 D1110074 0
1122767 0 D1110075 0
1122767 0 D1111064 3
1122767 0 D1159593 0
1122767 0 D1159594 0
1122767 0 D1211940 0
1122767 0 D1212493 0
1122767 0 D1230840 0
1122767 0 D1246171 0
1122767 0 D1257666 0
1122767 0 D1271970 0
1122767 0 D1274223 0
1122767 0 D1289433 0
1122767 0 D1343830 0
1122767 0 D1343831 0
1122767 0 D1350204 0
1122767 0 D1352376 0
1122767 0 D1354624 3
1122767 0 D1354628 3
1122767 0 D1369701 0
1122767 0 D1372658 0
1122767 0 D1372659 1
1122767 0 D1372660 3
1122767 0 D1372661 3
1122767 0 D1372662 0
1122767 0 D1372663 3
1122767 0 D1372664 1
1122767 0 D1372665 3
1122767 0 D1372666 3
1122767 0 D1372667 3
1122767 0 D145678 0
1122767 0 D1507726 1
1122767 0 D152538 3
1122767 0 D154150 0
1122767 0 D1559403 0
1122767 0 D1651861 0
1122767 0 D1651862 0
1122767 0 D1657791 0
1122767 0 D1698169 0
1122767 0 D1718972 0
1122767 0 D1718973 0
1122767 0 D1727354 0
1122767 0 D1755074 0
1122767 0 D1770410 1
1122767 0 D1770414 0
1122767 0 D1772972 0
1122767 0 D1845704 0
1122767 0 D1852129 1
1122767 0 D1884233 0
1122767 0 D1887638 0
1122767 0 D1897832 0
1122767 0 D1914254 2
1122767 0 D1917523 0
1122767 0 D1938452 0
1122767 0 D1938453 0
1122767 0 D1938454 3
1122767 0 D1955982 0
1122767 0 D1959152 0
1122767 0 D2059562 0
1122767 0 D2067160 0
1122767 0 D2071102 0
1122767 0 D2097 0
1122767 0 D2117464 0
1122767 0 D2117466 0
1122767 0 D2129030 0
1122767 0 D2152067 0
1122767 0 D2158208 0
1122767 0 D2179047 0
1122767 0 D2240671 0
1122767 0 D2340590 1
1122767 0 D2340592 0
1122767 0 D2342809 0
1122767 0 D2431082 0
1122767 0 D2440729 1
1122767 0 D2440730 0
1122767 0 D2440731 2
1122767 0 D2440732 1
1122767 0 D2440734 3
1122767 0 D2523604 0
1122767 0 D2532071 0
1122767 0 D2547107 0
1122767 0 D257002 2
1122767 0 D257003 3
1122767 0 D257004 2
1122767 0 D257005 2
1122767 0 D2588790 0
1122767 0 D2608373 0
1122767 0 D2658308 0
1122767 0 D2674432 0
1122767 0 D2674434 0
1122767 0 D2690701 0
1122767 0 D2712954 0
1122767 0 D2712955 2
1122767 0 D2759757 0
1122767 0 D2790308 3
1122767 0 D2790309 3
1122767 0 D2818596 0
1122767 0 D2818597 0
1122767 0 D2818598 3
1122767 0 D2818599 0
1122767 0 D2885754 0
1122767 0 D2902900 0
1122767 0 D2921553 0
1122767 0 D2926985 3
1122767 0 D3001470 0
1122767 0 D3011200 0
1122767 0 D3047731 0
1122767 0 D3162101 1
1122767 0 D3187081 0
1122767 0 D3196054 0
1122767 0 D3254460 2
1122767 0 D3254461 1
1122767 0 D3254462 3
1122767 0 D3254463 3
1122767 0 D3254464 0
1122767 0 D3254465 1
1122767 0 D3264277 2
1122767 0 D3264278 2
1122767 0 D3264280 0
1122767 0 D3264281 3
1122767 0 D3264282 0
1122767 0 D3264283 1
1122767 0 D3284254 0
1122767 0 D3284371 3
1122767 0 D3318879 0
1122767 0 D332395 3
1122767 0 D3375883 0
1122767 0 D3375884 3
1122767 0 D3384526 0
1122767 0 D3410358 0
1122767 0 D36966 0
1122767 0 D392284 0
1122767 0 D392286 0
1122767 0 D404067 0
1122767 0 D537694 0
1122767 0 D553466 0
1122767 0 D58358 0
1122767 0 D66773 0
1122767 0 D66775 0
1122767 0 D680248 0
1122767 0 D699472 0
1122767 0 D732294 0
1122767 0 D734739 2
1122767 0 D74850 0
1122767 0 D74851 0
1122767 0 D785034 0
1122767 0 D810871 0
1122767 0 D813130 0
1122767 0 D822616 0
1122767 0 D852260 0
1122767 0 D931939 0
1122767 0 D933116 0
1122767 0 D955260 0
1122767 0 D983619 0
